1.000000000 -0.000000001 0.000000004 0.000000007 -0.000000001 0.999999940 0.000000000 0.000000002 0.000000004 0.000000000 1.000000000 0.000000000
1.000000000 0.000005419 0.000019062 0.000042402 -0.000005422 0.999999940 0.000026774 -0.000042731 -0.000019055 -0.000026774 1.000000000 0.000103311
1.000000000 0.000126579 0.000027382 -0.000020789 -0.000126581 0.999999940 -0.000023126 0.000154715 -0.000027377 0.000023122 1.000000000 0.000171462
0.999999940 0.000195331 0.000203054 -0.000026381 -0.000195349 0.999999940 0.000077082 0.000063433 -0.000203032 -0.000077121 1.000000000 0.000353648
0.999999881 0.000336041 0.000307986 -0.000002925 -0.000336058 0.999999881 0.000045856 0.000003120 -0.000307963 -0.000045959 0.999999940 0.000168092
0.999999821 0.000220857 0.000548712 0.000006686 -0.000221147 0.999999762 0.000523930 -0.000793144 -0.000548589 -0.000524051 0.999999702 0.000518233
1.000000000 0.000063446 0.000157606 0.000284694 -0.000063464 0.999999940 0.000094541 -0.000081662 -0.000157592 -0.000094551 1.000000000 0.000319267
1.000000000 -0.000171648 0.000078385 0.000059963 0.000171649 0.999999940 -0.000051231 0.000085845 -0.000078369 0.000051245 1.000000000 0.000037068
0.999999881 0.000234022 0.000464047 0.000122425 -0.000234034 0.999999940 0.000020244 -0.000017773 -0.000464035 -0.000020352 0.999999881 0.000564727
0.999999225 -0.000143504 0.001243856 -0.000996432 0.000143931 0.999999881 -0.000345102 0.000590185 -0.001243799 0.000345280 0.999999166 0.000026918
0.999999881 -0.000379326 0.000222790 -0.000263700 0.000379358 0.999999881 -0.000155465 0.000043426 -0.000222723 0.000155550 0.999999940 0.000139553
0.999999523 -0.000640584 -0.000731350 -0.000464737 0.000640035 0.999999464 -0.000746244 0.001035891 0.000731835 0.000745776 0.999999464 0.000336734
0.999999583 -0.000693839 -0.000550000 0.000096415 0.000694233 0.999999464 0.000721196 -0.000075529 0.000549506 -0.000721578 0.999999583 0.001307603
0.999999940 -0.000312442 -0.000178034 -0.000042401 0.000312635 0.999999285 0.001095307 -0.000771312 0.000177699 -0.001095363 0.999999404 0.000104465
0.999999821 -0.000546542 0.000303045 -0.000619566 0.000546236 0.999999285 0.001001467 -0.000731024 -0.000303584 -0.001001301 0.999999464 0.000175472
0.999999821 -0.000416293 -0.000412843 0.000222201 0.000416652 0.999999464 0.000874513 -0.000508529 0.000412486 -0.000874685 0.999999523 0.000508971
0.999999940 0.000362236 -0.000037279 -0.000244069 -0.000362227 0.999999821 0.000315767 -0.000145026 0.000037401 -0.000315754 0.999999940 0.000269957
1.000000000 0.000004410 -0.000199605 0.000079825 -0.000004359 0.999999881 0.000268825 -0.000510756 0.000199614 -0.000268824 0.999999940 -0.000369721
1.000000000 0.000137889 0.000186387 -0.000053165 -0.000137899 0.999999940 0.000041181 -0.000011354 -0.000186374 -0.000041207 1.000000000 0.000029948
0.999999940 0.000187700 0.000166010 -0.000025009 -0.000187704 0.999999940 0.000014978 -0.000004498 -0.000166000 -0.000015009 1.000000000 0.000041540
1.000000000 0.000159817 0.000051385 -0.000025598 -0.000159823 0.999999940 0.000079586 -0.000006238 -0.000051365 -0.000079594 1.000000000 -0.000072738
1.000000000 0.000128232 0.000108580 -0.000035978 -0.000128235 0.999999940 0.000003319 -0.000028178 -0.000108572 -0.000003333 1.000000000 0.000099154
0.999999940 0.000114016 0.000340072 -0.000554061 -0.000114114 0.999999881 0.000280824 -0.000459702 -0.000340032 -0.000280863 0.999999881 0.000118898
0.999999881 0.000320700 0.000319749 -0.000644056 -0.000320768 0.999999881 0.000206192 -0.000246119 -0.000319676 -0.000206294 0.999999940 0.000291867
1.000000000 0.000119880 0.000105557 -0.000104684 -0.000119893 0.999999940 0.000102362 -0.000146131 -0.000105537 -0.000102375 1.000000000 0.000273600
1.000000000 -0.000046894 0.000003313 -0.000013012 0.000046891 0.999999940 0.000198827 -0.000344195 -0.000003315 -0.000198827 1.000000000 0.000062892
1.000000000 0.000168409 0.000013632 0.000082869 -0.000168412 0.999999940 0.000034772 0.000003779 -0.000013619 -0.000034774 1.000000000 0.000223488
1.000000000 -0.000027574 0.000071810 -0.000026092 0.000027574 0.999999940 -0.000033223 0.000007881 -0.000071802 0.000033225 1.000000000 0.000036739
1.000000000 0.000091327 0.000013913 0.000017353 -0.000091328 0.999999940 -0.000135443 0.000370358 -0.000013918 0.000135442 1.000000000 -0.000015729
1.000000000 -0.000005699 0.000065570 -0.000022042 0.000005697 0.999999940 -0.000012573 0.000003652 -0.000065562 0.000012574 1.000000000 -0.000022474
1.000000000 -0.000086896 0.000012181 -0.000041299 0.000086893 0.999999940 -0.000008880 0.000005973 -0.000012172 0.000008881 1.000000000 0.000009240
0.999999821 0.000384834 0.000404031 -0.000957671 -0.000384906 0.999999881 0.000173640 -0.001355855 -0.000403956 -0.000173796 0.999999881 -0.000407375
1.000000000 0.000118256 0.000155356 0.000018207 -0.000118016 0.999998689 -0.001559220 -0.000861467 -0.000155532 0.001559202 0.999998748 -0.000390563
0.999999940 0.000160307 0.000306920 -0.000717091 -0.000159928 0.999999166 -0.001242724 -0.000662563 -0.000307112 0.001242675 0.999999166 -0.000567584
0.999999940 -0.000284561 0.000053838 -0.000120779 0.000284600 0.999999583 -0.000768943 -0.000484464 -0.000053612 0.000768958 0.999999702 0.000159590
1.000000000 0.000111720 0.000061101 -0.000037517 -0.000111711 0.999999940 -0.000185444 -0.001266607 -0.000061115 0.000185437 1.000000000 0.000057384
0.999999762 0.000448182 0.000492319 -0.001351993 -0.000448009 0.999999762 -0.000354759 -0.000183964 -0.000492471 0.000354538 0.999999821 -0.000047171
1.000000000 0.000039655 -0.000065788 -0.000169666 -0.000039646 0.999999940 0.000171577 -0.001345235 0.000065802 -0.000171575 1.000000000 -0.000390242
0.999999881 0.000377986 0.000352835 -0.001002326 -0.000377984 0.999999881 -0.000014866 -0.000976620 -0.000352833 0.000014733 0.999999940 -0.000420268
0.999999881 0.000210426 0.000434726 -0.000790593 -0.000210257 0.999999821 -0.000393472 -0.001814340 -0.000434802 0.000393381 0.999999821 0.000199420
0.999999940 0.000014753 0.000245810 -0.000480283 -0.000014757 0.999999940 0.000007351 -0.001477461 -0.000245802 -0.000007355 0.999999940 -0.000053776
0.999999881 0.000346060 0.000246331 -0.000506997 -0.000345886 0.999999642 -0.000714364 -0.000416078 -0.000246571 0.000714279 0.999999702 0.000325926
1.000000000 -0.000004525 -0.000137424 -0.000057796 0.000004478 0.999999881 -0.000327783 -0.001949295 0.000137433 0.000327782 0.999999940 -0.000370226
1.000000000 0.000126670 0.000102750 -0.000589723 -0.000126639 0.999999881 -0.000326022 -0.002282178 -0.000102784 0.000326009 0.999999940 -0.000396798
1.000000000 0.000010223 -0.000201141 0.000026702 -0.000010639 0.999997854 -0.002055496 -0.001772044 0.000201127 0.002055498 0.999997854 -0.000728595
1.000000000 -0.000106194 0.000058211 -0.000394226 0.000106319 0.999997556 -0.002190225 -0.000860643 -0.000057971 0.002190231 0.999997616 -0.000576271
0.999999821 -0.000216410 -0.000538855 0.000822296 0.000215286 0.999997735 -0.002079958 -0.001617347 0.000539311 0.002079842 0.999997675 -0.000879970
0.999999762 -0.000475876 -0.000492852 0.000335341 0.000474780 0.999997377 -0.002216485 -0.001184159 0.000493913 0.002216251 0.999997437 -0.000861223
0.999999881 -0.000421579 -0.000210764 0.000584451 0.000421269 0.999998808 -0.001458273 -0.001881440 0.000211386 0.001458184 0.999998927 -0.000581302
0.999999881 -0.000212688 -0.000430881 0.000974760 0.000211954 0.999998450 -0.001698051 -0.001950856 0.000431249 0.001697960 0.999998450 -0.001088302
0.999999881 -0.000384470 -0.000362401 0.000214234 0.000383716 0.999997735 -0.002072999 -0.002154455 0.000363205 0.002072859 0.999997795 -0.000898910
1.000000000 0.000028261 -0.000125974 -0.000138957 -0.000028516 0.999997914 -0.002004936 -0.002532661 0.000125924 0.002004940 0.999997973 -0.001009522
0.999999881 -0.000421923 -0.000289244 -0.000188751 0.000421385 0.999998152 -0.001849401 -0.002237163 0.000290032 0.001849279 0.999998271 -0.001138456
0.999999702 -0.000685837 -0.000411913 -0.000453464 0.000685036 0.999997854 -0.001935142 -0.002651949 0.000413247 0.001934859 0.999998033 -0.000951418
0.999999344 -0.000865376 -0.000716625 0.000238048 0.000863649 0.999996662 -0.002403749 -0.002250322 0.000718710 0.002403129 0.999996841 -0.000945389
0.999999285 -0.001185403 -0.000256968 -0.000997213 0.001184787 0.999996424 -0.002374507 -0.000920953 0.000259790 0.002374201 0.999997139 -0.001060679
0.999999940 -0.000256894 -0.000318637 0.000134213 0.000256309 0.999998212 -0.001828470 -0.002627845 0.000319114 0.001828389 0.999998271 -0.001163824
0.999999225 -0.001112154 -0.000608732 -0.000481972 0.001111239 0.999998212 -0.001496434 -0.003545692 0.000610402 0.001495757 0.999998689 -0.000613209
0.999999762 -0.000492711 -0.000418521 0.000223490 0.000491095 0.999992430 -0.003848111 -0.001093756 0.000420421 0.003847905 0.999992490 -0.000830129
0.999998987 -0.001245054 -0.000647292 -0.000026494 0.001243175 0.999994993 -0.002891438 -0.001649308 0.000650896 0.002890630 0.999995589 -0.000464423
0.999999762 -0.000688662 -0.000127247 0.000013517 0.000688203 0.999993384 -0.003555507 -0.002930372 0.000129702 0.003555419 0.999993682 -0.001036286
0.999991953 -0.001619971 0.003673968 0.000044120 0.001641850 0.999980807 -0.005960536 -0.003814143 -0.003664234 0.005966520 0.999975502 -0.000971054
0.999985874 -0.000843749 0.005243210 0.000103431 0.000873623 0.999983311 -0.005698358 -0.006254872 -0.005238307 0.005702859 0.999970019 -0.000573475
0.999962747 -0.004537180 0.007343911 -0.000872152 0.004643361 0.999883950 -0.014506898 -0.008874620 -0.007277231 0.014540458 0.999867797 0.003031021
0.999938130 -0.007573362 0.008148097 -0.001517678 0.007767592 0.999679863 -0.024076371 -0.014478071 -0.007963142 0.024138173 0.999676943 0.005916469
0.999902546 -0.009371848 0.010346925 -0.004151958 0.009768539 0.999192238 -0.038978938 -0.029125875 -0.009973255 0.039076217 0.999186456 0.012889447
0.999802411 -0.018102789 0.008211087 -0.007036649 0.018501764 0.998504519 -0.051442135 -0.056975227 -0.007267555 0.051583894 0.998642206 0.019130995
0.999764502 -0.020118771 0.008134115 -0.011222370 0.020553064 0.998139739 -0.057398230 -0.074805602 -0.006964194 0.057551898 0.998318255 0.021822194
0.999715626 -0.023172231 0.005632843 -0.012847665 0.023497624 0.997479498 -0.066950589 -0.114117675 -0.004067244 0.067063913 0.997740388 0.024774548
0.999766946 -0.020427877 0.006984654 -0.015806001 0.020869421 0.997299016 -0.070420049 -0.149686605 -0.005527250 0.070549406 0.997492969 0.025559478
0.999799848 -0.018448822 0.007739379 -0.019412393 0.018937871 0.997452497 -0.068773039 -0.170304269 -0.006450874 0.068905845 0.997602284 0.034591924
0.999819875 -0.017410340 0.007555549 -0.019456523 0.017894337 0.997415185 -0.069588631 -0.167930350 -0.006324451 0.069711305 0.997547150 0.040427931
0.999860764 -0.014626262 0.008035869 -0.022897266 0.015137929 0.997583389 -0.067809358 -0.160388023 -0.007024645 0.067921571 0.997665942 0.053129114
0.999857128 -0.015275071 0.007234723 -0.022285976 0.015708534 0.997811735 -0.064224675 -0.159970731 -0.006237848 0.064329155 0.997909248 0.059526406
0.999808431 -0.018706022 0.005759088 -0.024518924 0.019023184 0.997950494 -0.061096702 -0.158532664 -0.004604402 0.061194558 0.998115242 0.069458254
0.999799967 -0.019560536 0.004176534 -0.025870191 0.019766551 0.998185217 -0.056880474 -0.161440268 -0.003056335 0.056951657 0.998372257 0.075065866
0.999830365 -0.017795043 0.004751825 -0.026252400 0.018031532 0.998295248 -0.055509452 -0.166370392 -0.003755925 0.055585723 0.998446882 0.079629973
0.999836206 -0.017416442 0.004922362 -0.027837517 0.017665325 0.998268843 -0.056099795 -0.172826603 -0.003936774 0.056177564 0.998413026 0.079738125
0.999827802 -0.018030625 0.004388103 -0.026797710 0.018247671 0.998272598 -0.055845555 -0.177466244 -0.003373585 0.055916015 0.998429775 0.079253264
0.999815226 -0.018801438 0.004008527 -0.025795404 0.018989468 0.998380184 -0.053630874 -0.190442219 -0.002993690 0.053697083 0.998552799 0.076905861
0.999829948 -0.017864898 0.004573153 -0.024684550 0.018059101 0.998745859 -0.046694860 -0.203232557 -0.003733212 0.046769511 0.998898745 0.072817117
0.999824047 -0.018308129 0.004084371 -0.022669921 0.018436696 0.999250114 -0.034046002 -0.210698023 -0.003457983 0.034115318 0.999411941 0.070106886
0.999915779 -0.011466990 0.006077652 -0.020949261 0.011504010 0.999915183 -0.006092045 -0.221904203 -0.006007272 0.006161450 0.999962986 0.066790998
0.999927223 0.003311370 0.011599344 -0.019450305 -0.003374817 0.999979377 0.005454392 -0.240083024 -0.011581036 -0.005493141 0.999917865 0.066073500
0.999680698 0.019635357 0.015903005 -0.015902657 -0.019623170 0.999806941 -0.000922120 -0.257255286 -0.015918035 0.000609759 0.999873102 0.071583137
0.999512315 0.024672702 0.019141627 -0.018144343 -0.024542488 0.999674141 -0.007008162 -0.267607599 -0.019308293 0.006534962 0.999792218 0.074232899
0.999364018 0.022797486 0.027420035 -0.022084046 -0.022365570 0.999622464 -0.015956834 -0.288895637 -0.027773453 0.015333422 0.999496639 0.081467450
0.999162614 -0.000702602 0.040910032 -0.026764452 0.001527261 0.999796212 -0.020130081 -0.318148285 -0.040887553 0.020175705 0.998959959 0.094384894
0.997131050 -0.025756869 0.071177617 -0.033904269 0.027637050 0.999291182 -0.025557872 -0.343677342 -0.070468873 0.027451690 0.997136116 0.108342163
0.992589056 -0.048656061 0.111352563 -0.038260493 0.051962323 0.998284519 -0.026983272 -0.365094185 -0.109848619 0.032569442 0.993414581 0.123558745
0.985106647 -0.068610124 0.157662779 -0.045514982 0.073530287 0.996964753 -0.025581857 -0.382478684 -0.155429065 0.036793847 0.987161517 0.141536966
0.976549208 -0.084130816 0.198175937 -0.050643917 0.090318926 0.995661318 -0.022379469 -0.403368860 -0.195433334 0.039753690 0.979910851 0.159588829
0.968975604 -0.095277332 0.228053540 -0.055176336 0.102604747 0.994511545 -0.020464856 -0.417857558 -0.224852055 0.043229319 0.973433375 0.175699949
0.962895989 -0.101155959 0.250197440 -0.061801706 0.109871842 0.993722141 -0.021080319 -0.430602849 -0.246494338 0.047787812 0.967965245 0.192221224
0.956918538 -0.109642453 0.268859595 -0.067235008 0.118344046 0.992838442 -0.016322119 -0.448995978 -0.265144527 0.047436871 0.963041008 0.210268795
0.949085474 -0.118998885 0.291678101 -0.072003484 0.127298102 0.991818190 -0.009570491 -0.460442066 -0.288152814 0.046213280 0.956468582 0.227249131
0.937701881 -0.130703196 0.321918666 -0.076141827 0.137362868 0.990518630 0.002045579 -0.481232733 -0.319133818 0.042301543 0.946765006 0.246554524
0.921929240 -0.143005282 0.359994441 -0.077195860 0.149374723 0.988727808 0.010223402 -0.491511166 -0.357398510 0.044348825 0.932898343 0.265834004
0.887272596 -0.167013660 0.429946065 -0.080242448 0.172870442 0.984608591 0.025723791 -0.504065216 -0.427624881 0.051500961 0.902487934 0.299931914
0.856091499 -0.190511853 0.480429620 -0.079349816 0.193805158 0.980084062 0.043300115 -0.515637577 -0.479110569 0.056040883 0.875963748 0.326407671
0.804991841 -0.216474220 0.552383065 -0.080222294 0.220213309 0.973566592 0.060614049 -0.515421629 -0.550903082 0.072848268 0.831383705 0.363289535
0.767276347 -0.235711277 0.596428752 -0.080172539 0.238118485 0.968232691 0.076322049 -0.518377662 -0.595471740 0.083460607 0.799029231 0.392943144
0.729906678 -0.250229508 0.636098742 -0.080128998 0.250946134 0.963700235 0.091147751 -0.522213161 -0.635816336 0.093097180 0.766205192 0.423524171
0.691617608 -0.263551384 0.672462463 -0.076718420 0.263037324 0.959018886 0.105328605 -0.522291541 -0.672663689 0.104035608 0.732598126 0.455097109
0.651101291 -0.276712626 0.706751227 -0.074219421 0.274651647 0.953966141 0.120478660 -0.521003425 -0.707554698 0.115666546 0.697128177 0.488623083
0.610614896 -0.289026558 0.737301111 -0.070426479 0.283343136 0.949124098 0.137404576 -0.519906759 -0.739503860 0.125007883 0.661443174 0.520604551
0.567918718 -0.299347132 0.766719997 -0.070289016 0.290188611 0.944526136 0.153820932 -0.527750731 -0.770232975 0.135135680 0.623281300 0.555614710
0.525541067 -0.304913431 0.794250906 -0.066433534 0.300405592 0.939941108 0.162071288 -0.529742539 -0.795966864 0.153422266 0.585575461 0.594505548
0.482181430 -0.312660336 0.818379164 -0.064364910 0.315678149 0.933402061 0.170609996 -0.531656444 -0.817219794 0.176079467 0.548769355 0.634591520
0.418242216 -0.322511226 0.849152446 -0.058033556 0.331009686 0.924677372 0.188160092 -0.532929242 -0.845875919 0.202381223 0.493493497 0.693059564
0.371190548 -0.325915068 0.869480789 -0.055544868 0.341154158 0.918757260 0.198743403 -0.528340220 -0.863615274 0.222855344 0.452221274 0.737590611
0.325019181 -0.332149506 0.885459900 -0.051178336 0.353845745 0.910996675 0.211845160 -0.530579448 -0.877015173 0.244462445 0.413621187 0.778867483
0.279100657 -0.335654795 0.899688005 -0.048173115 0.368834406 0.902522683 0.222292677 -0.530348778 -0.886602402 0.269793898 0.375695825 0.818236351
0.256508768 -0.339017034 0.905135632 -0.046722792 0.372850090 0.898692906 0.230940938 -0.536111236 -0.891731977 0.278241575 0.356925249 0.835127831
0.213426352 -0.339470923 0.916083276 -0.043787681 0.381012678 0.892360628 0.241912857 -0.533263266 -0.899599135 0.297408700 0.319796085 0.869141340
0.171701252 -0.347396433 0.921864510 -0.044271305 0.383687943 0.885453880 0.262211800 -0.531864345 -0.907360077 0.308686227 0.285325438 0.901290357
0.132503331 -0.356920987 0.924689233 -0.044289622 0.378988743 0.880270064 0.285468400 -0.530030131 -0.915865898 0.312621295 0.251907796 0.927556038
0.099077776 -0.368318677 0.924405217 -0.044117097 0.371899456 0.875363052 0.308918178 -0.533644080 -0.922970355 0.313178807 0.223706558 0.956657887
0.077312946 -0.370912910 0.925443947 -0.043448832 0.368038505 0.873281598 0.319260001 -0.533306539 -0.926590621 0.315916061 0.204026178 0.985600531
0.064087331 -0.366094619 0.928368270 -0.042857386 0.368459404 0.873229980 0.318915695 -0.533483148 -0.927432120 0.321627468 0.190853938 1.011677027
0.056779861 -0.361255407 0.930736721 -0.039229482 0.370926827 0.873146236 0.316273808 -0.533072591 -0.926924586 0.327277154 0.183576435 1.038138747
0.054626942 -0.367794603 0.928301156 -0.037787139 0.372685134 0.870014489 0.322770268 -0.528960586 -0.926348627 0.328332096 0.184597805 1.065993190
0.056649920 -0.375424683 0.925119996 -0.035313357 0.379073977 0.865308225 0.327939689 -0.525292039 -0.923630774 0.332111120 0.191333354 1.090463638
0.059813149 -0.381390125 0.922477126 -0.028665341 0.393443346 0.858327568 0.329357266 -0.524677575 -0.917401016 0.343242526 0.201394647 1.117070794
0.064998597 -0.384137779 0.920985043 -0.019224253 0.406862438 0.852939904 0.327042133 -0.525036871 -0.911173880 0.353456974 0.211731106 1.138542533
0.072676383 -0.377890289 0.922993541 -0.008557349 0.397630900 0.859688878 0.320662856 -0.519972205 -0.914662719 0.343706101 0.212739959 1.153052211
0.081111491 -0.370386928 0.925329387 0.005250946 0.380638033 0.869532466 0.314687192 -0.518203020 -0.921159863 0.326690793 0.211512402 1.165417314
0.085138761 -0.365222871 0.927018702 0.013582312 0.373576134 0.874225616 0.310113877 -0.516080558 -0.923684061 0.319909275 0.210868999 1.171679497
0.092841081 -0.360823125 0.928001702 0.031644486 0.363006026 0.880143642 0.305898458 -0.516334355 -0.927149951 0.308470279 0.212694436 1.182850122
0.092767805 -0.354448169 0.930462658 0.049028270 0.355392754 0.884725034 0.301592082 -0.515176058 -0.930102229 0.302701622 0.208042294 1.193951130
0.076966874 -0.345075577 0.935413778 0.066180602 0.359239966 0.884779155 0.296837687 -0.515133440 -0.930065930 0.313191324 0.192063570 1.204026341
0.044963669 -0.329779506 0.942986608 0.084614575 0.370687246 0.882059038 0.290796816 -0.516061366 -0.927668691 0.336477846 0.161905646 1.212528944
0.000917040 -0.318288684 0.947993398 0.099538654 0.377053440 0.878133953 0.294468582 -0.518667877 -0.926191032 0.357174128 0.120817095 1.220602393
-0.045354620 -0.324373364 0.944841206 0.110107914 0.380596668 0.868870020 0.316561252 -0.522915125 -0.923628211 0.373960942 0.084048137 1.222804070
-0.085248470 -0.338779330 0.936995924 0.115914993 0.388711721 0.854591191 0.344350427 -0.532300174 -0.917407095 0.393576592 0.058834940 1.229358792
-0.112180822 -0.357595086 0.927114546 0.117245764 0.395977080 0.839637518 0.371767700 -0.549292505 -0.911382198 0.408821285 0.047408223 1.226017475
-0.127945960 -0.370871454 0.919828355 0.122684717 0.399159759 0.829764426 0.390080184 -0.580433786 -0.907910347 0.417067647 0.041871995 1.212535143
-0.136612147 -0.374781847 0.916992724 0.127346247 0.406115890 0.823119760 0.396917820 -0.616823196 -0.903552413 0.426629037 0.039756685 1.189896822
-0.145151064 -0.378319651 0.914223969 0.136115313 0.407294750 0.819239736 0.403679788 -0.656911373 -0.901688457 0.430953175 0.035174102 1.170838237
-0.149086252 -0.374540359 0.915146232 0.143948734 0.402410597 0.822404206 0.402140588 -0.685650289 -0.903238118 0.428218186 0.028109834 1.142207265
-0.152511895 -0.375762701 0.914080143 0.153650016 0.383257568 0.830035985 0.405159175 -0.711598277 -0.910962999 0.412119716 0.017423525 1.117177010
-0.152533039 -0.377446681 0.913382649 0.156699508 0.373604029 0.833594620 0.406866193 -0.718233168 -0.914961040 0.403303921 0.013864860 1.103012562
-0.154068157 -0.381199598 0.911564529 0.169935286 0.354382277 0.839878261 0.411117703 -0.738931239 -0.922321081 0.386382371 0.005691901 1.076745391
-0.154576749 -0.383185506 0.910645425 0.185311139 0.355762780 0.838303864 0.413133979 -0.755005121 -0.921704292 0.387834579 0.006740883 1.044462204
-0.155018538 -0.386126041 0.909327209 0.201710224 0.364758343 0.833045244 0.415917158 -0.771824181 -0.918107033 0.396159559 0.011705220 1.013615608
-0.156026244 -0.384130388 0.909999847 0.223549485 0.359607756 0.835967302 0.414537102 -0.784546852 -0.919966280 0.391921699 0.007703424 0.992220044
-0.155899510 -0.384052366 0.910054564 0.247964561 0.354197025 0.838315070 0.414454311 -0.799358964 -0.922084451 0.386951804 0.005337298 0.965086699
-0.158411473 -0.381838500 0.910552144 0.277330279 0.347488314 0.841639876 0.413393766 -0.810076654 -0.924206495 0.381892562 -0.000641003 0.942151666
-0.169435531 -0.369206697 0.913771391 0.304679811 0.347439706 0.845273376 0.405954063 -0.815625966 -0.922267377 0.386263490 -0.014942288 0.919014156
-0.192305326 -0.353588462 0.915419936 0.339026153 0.344220042 0.849256933 0.400343865 -0.826917291 -0.918983817 0.392094195 -0.041604381 0.894308567
-0.217853099 -0.359810710 0.907235503 0.368495017 0.339097440 0.843746841 0.416057974 -0.831891835 -0.915179193 0.398280829 -0.061801992 0.874016762
-0.238061711 -0.372816145 0.896847129 0.396360427 0.332018524 0.836527407 0.435873479 -0.836167276 -0.912737846 0.401534617 -0.075363286 0.855798602
-0.253511935 -0.377253920 0.890736282 0.424838841 0.326287508 0.833503783 0.445878774 -0.838171840 -0.910641611 0.403671741 -0.088209935 0.838398457
-0.265365094 -0.372582287 0.889248967 0.456873387 0.320145041 0.835934758 0.445780575 -0.843779802 -0.909443974 0.402983248 -0.102547526 0.823953152
-0.275013894 -0.358864874 0.891954780 0.492297232 0.317401767 0.841826260 0.436560005 -0.854933083 -0.907536924 0.403168112 -0.117609583 0.811918676
-0.280704051 -0.347739846 0.894584894 0.528262436 0.319854528 0.844887912 0.428786159 -0.862698615 -0.904929996 0.406499058 -0.125937298 0.802142024
-0.283996344 -0.340850413 0.896195829 0.560110271 0.333879411 0.841027915 0.425671756 -0.872850657 -0.898816168 0.420110583 -0.125045955 0.792355001
-0.296255112 -0.335201859 0.894355893 0.592714548 0.348809659 0.833741367 0.428026855 -0.882156551 -0.889137089 0.438765138 -0.130078509 0.783337474
-0.323387325 -0.332478642 0.885933638 0.624756217 0.360905528 0.822134495 0.440274954 -0.897762060 -0.874738693 0.462117732 -0.145874470 0.774310887
-0.358962059 -0.325905561 0.874603808 0.654285967 0.363715768 0.814135551 0.452652395 -0.908560812 -0.859567881 0.480592191 -0.173706785 0.757041097
-0.402012527 -0.316434652 0.859217644 0.682053566 0.351501316 0.813151479 0.463930428 -0.920108795 -0.845477819 0.488521993 -0.215669915 0.739873290
-0.450704306 -0.306116104 0.838545561 0.707087636 0.331925601 0.814542592 0.475758165 -0.930864036 -0.828668177 0.492760986 -0.265510082 0.714913189
-0.502984047 -0.293689221 0.812867582 0.732191682 0.314370751 0.813910007 0.488591343 -0.940676391 -0.805095136 0.501295447 -0.317056447 0.693986595
-0.543344259 -0.283263862 0.790277541 0.746718526 0.304865181 0.810514510 0.500123322 -0.947026849 -0.782198310 0.512667298 -0.354031175 0.669027448
-0.571832776 -0.280907005 0.770777941 0.762174785 0.294949979 0.806325674 0.512682736 -0.945429564 -0.765514076 0.520509720 -0.378229856 0.650900185
-0.590033531 -0.281188995 0.756831050 0.773332953 0.285080850 0.804454744 0.521134913 -0.934108377 -0.755373538 0.523245096 -0.394493639 0.637534142
-0.600076973 -0.278058171 0.750060916 0.780336738 0.285957843 0.801123798 0.525764942 -0.917154610 -0.747084677 0.529985309 -0.401223004 0.628386199
-0.604748845 -0.275362760 0.747298002 0.789079249 0.287580669 0.799514472 0.527327180 -0.906098723 -0.742681742 0.533808947 -0.404316425 0.616329730
-0.605455339 -0.273770332 0.747311056 0.793717682 0.291843116 0.797198057 0.528491080 -0.907859564 -0.740440071 0.538075209 -0.402769744 0.598353863
-0.604084730 -0.277482241 0.747051060 0.793505728 0.286371231 0.799221992 0.528427660 -0.913490951 -0.743688703 0.533149064 -0.403334826 0.580308735
-0.602850676 -0.285847634 0.744890749 0.791519701 0.277183294 0.800430298 0.531489015 -0.917654216 -0.748158038 0.526879668 -0.403307825 0.556960106
-0.609744430 -0.292962730 0.736467779 0.789799392 0.262668788 0.801983237 0.536496103 -0.909815490 -0.747807980 0.520572603 -0.412052631 0.540519118
-0.624170780 -0.295648396 0.723189354 0.787761211 0.254081011 0.798510253 0.545732737 -0.890226424 -0.738819063 0.524379134 -0.423288107 0.531653047
-0.641587973 -0.297613740 0.706959009 0.783401906 0.242858738 0.795428514 0.555259466 -0.858555913 -0.727588177 0.527939022 -0.438059270 0.522963166
-0.657715082 -0.299125701 0.691328347 0.780463994 0.231105447 0.793379962 0.563150525 -0.828460515 -0.716938794 0.530162275 -0.452688336 0.521281064
-0.677325964 -0.297815323 0.672707617 0.780514717 0.218473569 0.791722238 0.570477962 -0.790395617 -0.702494621 0.533368409 -0.471189380 0.516149402
-0.702103078 -0.294009209 0.648544550 0.780861378 0.209228128 0.785398602 0.582557023 -0.759496748 -0.680642962 0.544708848 -0.489915758 0.515410185
-0.728832603 -0.287227273 0.621533334 0.785550594 0.200429231 0.778491974 0.594792664 -0.720243692 -0.654699326 0.558077753 -0.509821534 0.515942574
-0.751475692 -0.282868892 0.596044898 0.790483773 0.192196995 0.770383656 0.607922137 -0.679924428 -0.631145418 0.571396708 -0.524558067 0.518497825
-0.765642881 -0.277946025 0.580118179 0.798469365 0.188473493 0.765325367 0.615430593 -0.640766978 -0.615035534 0.580536962 -0.533580422 0.520380497
-0.771644354 -0.272281706 0.574828446 0.813448727 0.189329237 0.764450431 0.616254866 -0.604466498 -0.607222676 0.584361434 -0.538332939 0.519086003
-0.771444917 -0.268503249 0.576869786 0.828480303 0.195066273 0.763155401 0.616070688 -0.585721076 -0.605658233 0.587792397 -0.536356390 0.514933050
-0.766723216 -0.269728690 0.582565069 0.847825885 0.197561547 0.764280379 0.613877058 -0.575740874 -0.610823154 0.585766256 -0.532703280 0.509696305
-0.757524610 -0.273421735 0.592787445 0.869986534 0.197933406 0.769112587 0.607690930 -0.578227520 -0.622076094 0.577673256 -0.528502405 0.496061027
-0.747978210 -0.284224957 0.599787414 0.895943761 0.200407431 0.764778078 0.612332821 -0.584410369 -0.632744431 0.578213453 -0.515076518 0.480061233
-0.739479363 -0.290692836 0.607180357 0.926876366 0.207601294 0.759522438 0.616463542 -0.583905220 -0.640368700 0.581913471 -0.501302958 0.459909648
-0.734346271 -0.293525726 0.612027884 0.959301174 0.219090328 0.750906229 0.623008072 -0.589755654 -0.642444611 0.591593146 -0.487116486 0.445608497
-0.731107652 -0.289373875 0.617854595 0.996098638 0.223442346 0.754098296 0.617583394 -0.591584623 -0.644635737 0.589574754 -0.486668646 0.427730709
-0.731282115 -0.279399067 0.622223973 1.035592437 0.229547262 0.758225024 0.610248327 -0.593560100 -0.642288685 0.589093447 -0.490341038 0.408530056
-0.732613862 -0.271802396 0.624019504 1.075346947 0.225277200 0.768305779 0.599129558 -0.590082765 -0.642282724 0.579507947 -0.501640618 0.388471842
-0.734854817 -0.261273563 0.625879109 1.115602970 0.230373397 0.771795630 0.592671573 -0.585624397 -0.637900174 0.579713404 -0.506967247 0.369218171
-0.738761842 -0.253343463 0.624538302 1.157867789 0.236101940 0.770656228 0.591899276 -0.581069052 -0.631258309 0.584727287 -0.509516418 0.350335598
-0.745944262 -0.231950626 0.624312520 1.202021599 0.252013832 0.769390881 0.586963892 -0.577521682 -0.616487026 0.595177770 -0.515467823 0.333366722
-0.753638506 -0.210913822 0.622530580 1.241166472 0.269008428 0.765189528 0.584909737 -0.570176721 -0.599719405 0.608276486 -0.519938707 0.313023150
-0.764049530 -0.195770547 0.614737451 1.278532028 0.275237292 0.762874484 0.585035622 -0.562345147 -0.583500385 0.616194963 -0.528990567 0.294948816
-0.775259078 -0.187356547 0.603217125 1.310690045 0.273223460 0.761560500 0.587685823 -0.547156036 -0.569493175 0.620421886 -0.539216340 0.272750825
-0.786938846 -0.184219420 0.588889360 1.333937287 0.267703831 0.757955551 0.594842911 -0.527397513 -0.555933654 0.625752807 -0.547148287 0.248479515
-0.799349070 -0.188089356 0.570669353 1.352946997 0.257778287 0.750555396 0.608454406 -0.505118847 -0.542762816 0.633473694 -0.551470280 0.219660193
-0.811726511 -0.184101745 0.554262280 1.370409846 0.253304869 0.744137347 0.618139327 -0.484395653 -0.526247919 0.642157316 -0.557402134 0.193592995
-0.821699858 -0.185021773 0.539051294 1.382613301 0.244238347 0.740260780 0.626387537 -0.458580494 -0.514933944 0.646359563 -0.563082814 0.160172239
-0.828787506 -0.203193918 0.521367073 1.392658830 0.215264961 0.744254291 0.632254958 -0.433815986 -0.516500056 0.636237144 -0.573088109 0.123384655
-0.832882404 -0.220811188 0.507493138 1.401087761 0.189361677 0.747925937 0.636198699 -0.402929544 -0.520047069 0.625978529 -0.581121206 0.087406054
-0.834578335 -0.230674341 0.500268161 1.412532449 0.176861465 0.747843444 0.639882863 -0.373371750 -0.521726906 0.622510612 -0.583336592 0.048838407
-0.829178393 -0.235921532 0.506758630 1.426706076 0.178226605 0.747674644 0.639701366 -0.342995316 -0.529809952 0.620744526 -0.577908039 0.012190491
-0.813752711 -0.247054487 0.526090086 1.441467047 0.183230937 0.749956250 0.635603607 -0.309779674 -0.551573277 0.613620162 -0.565010905 -0.025744557
-0.789000630 -0.266794592 0.553442538 1.461153984 0.188366696 0.752372622 0.631231666 -0.279374838 -0.584804118 0.602292359 -0.543367267 -0.065900624
-0.758000016 -0.285915554 0.586249471 1.485991001 0.197463632 0.756035209 0.624034166 -0.249679178 -0.621646404 0.588780880 -0.516616821 -0.100435168
-0.718105495 -0.293094397 0.631205559 1.509810686 0.216867834 0.767583430 0.603145063 -0.223754704 -0.661281288 0.570009887 -0.487643123 -0.147022665
-0.672104836 -0.293897241 0.679632008 1.539551497 0.225245237 0.793207407 0.565761864 -0.201489866 -0.705365002 0.533335149 -0.466919482 -0.181845665
-0.620594263 -0.298317790 0.725168526 1.571825027 0.231245905 0.814046562 0.532778978 -0.180530012 -0.749258339 0.498331815 -0.436207831 -0.219994277
-0.566548586 -0.306416541 0.764939070 1.605027676 0.240089566 0.826634765 0.508951724 -0.166474760 -0.788276434 0.471999764 -0.394761324 -0.255053908
-0.513462186 -0.319083542 0.796581626 1.642539859 0.262347251 0.825476468 0.499762237 -0.161632657 -0.817025423 0.465590060 -0.340140194 -0.286441594
-0.463816643 -0.322321653 0.825216889 1.675007105 0.290264547 0.824766576 0.485290170 -0.186653852 -0.837030828 0.464616895 -0.288981885 -0.312799394
-0.411920965 -0.323013932 0.852046490 1.704980373 0.317041904 0.825834155 0.466350138 -0.208290458 -0.854286611 0.462233663 -0.237769395 -0.352337629
-0.362682641 -0.325320691 0.873285532 1.737400770 0.334158987 0.829376042 0.447742224 -0.230858564 -0.869941890 0.454204500 -0.192091495 -0.385902166
-0.317013651 -0.320585549 0.892595768 1.769040823 0.340826929 0.839760721 0.422656983 -0.252011359 -0.885064602 0.438208699 -0.156951413 -0.411949635
-0.251305103 -0.310553521 0.916734636 1.809483409 0.352200538 0.852860928 0.385464609 -0.280749798 -0.901554525 0.419743508 -0.104951173 -0.457961023
-0.212547511 -0.320599765 0.923059762 1.832560897 0.356251717 0.854200959 0.378715485 -0.303436697 -0.909894586 0.409336597 -0.067344084 -0.483270586
-0.174415380 -0.334420055 0.926143885 1.850097299 0.359379292 0.854059219 0.376070887 -0.320868134 -0.916747332 0.398429394 -0.028777391 -0.514636695
-0.136774018 -0.346789867 0.927916884 1.866387129 0.360778809 0.854947507 0.372697473 -0.345950663 -0.922567844 0.385748059 0.008179843 -0.547302961
-0.098427325 -0.355156898 0.929610431 1.881108642 0.364603549 0.856319845 0.365760386 -0.367329478 -0.925946116 0.374940068 0.045206174 -0.576671660
-0.056798220 -0.355395168 0.932988942 1.896503091 0.364895940 0.862456501 0.350741833 -0.380216539 -0.929314256 0.360365272 0.080696225 -0.602737725
-0.035019934 -0.355952680 0.933847606 1.905620456 0.364931762 0.865341127 0.343525320 -0.387441337 -0.930375397 0.352820814 0.099594235 -0.614350319
0.010594368 -0.345955372 0.938191116 1.916253328 0.369209588 0.873299003 0.317857265 -0.385614276 -0.929285765 0.343021631 0.136982068 -0.636794746
0.055211544 -0.336187750 0.940175176 1.931044340 0.372999728 0.880385518 0.292903751 -0.376144767 -0.926187217 0.334513426 0.174005330 -0.650663257
0.102721721 -0.329136759 0.938678443 1.934643030 0.375206918 0.886783183 0.269880444 -0.345229983 -0.921231747 0.324476004 0.214586198 -0.666584730
0.147712499 -0.321472228 0.935327053 1.942177773 0.369787425 0.895063877 0.249234647 -0.306650519 -0.917299390 0.309057117 0.251088500 -0.670003176
0.196543694 -0.325211197 0.924990952 1.944781661 0.365586162 0.899668574 0.238627821 -0.275714517 -0.909789681 0.291263074 0.295716882 -0.692118645
0.244424909 -0.336497426 0.909409702 1.946181655 0.354004681 0.904089153 0.239381671 -0.239117801 -0.902738631 0.263424397 0.340103567 -0.705686927
0.269103914 -0.340717375 0.900830030 1.943170071 0.346970439 0.906824470 0.239334449 -0.219157159 -0.898440063 0.248155519 0.362248898 -0.713980615
0.316680342 -0.345387340 0.883414447 1.942882776 0.336579025 0.911660254 0.235775962 -0.186840534 -0.886807859 0.222673193 0.404954970 -0.731306255
0.361115247 -0.340192646 0.868253827 1.943433046 0.326144338 0.918354392 0.224176079 -0.153710246 -0.873627841 0.202222690 0.442583740 -0.743366241
0.424225837 -0.316862226 0.848310471 1.945351005 0.315775752 0.929745197 0.189365715 -0.111618742 -0.848715544 0.187542051 0.494479418 -0.758553684
0.483848900 -0.294393569 0.824149668 1.943269014 0.321496278 0.935668170 0.145482197 -0.072926611 -0.813959777 0.194569603 0.547368407 -0.770644128
0.522519410 -0.286033452 0.803217411 1.941877842 0.318656474 0.939297199 0.127196193 -0.058707625 -0.790842295 0.189487949 0.581947386 -0.776882291
0.566849053 -0.283228457 0.773604333 1.936330795 0.308547795 0.943683624 0.119412512 -0.056287780 -0.763858914 0.171005070 0.622315764 -0.796890438
0.611172736 -0.272848457 0.742981553 1.931960344 0.292921603 0.950025618 0.107926436 -0.056161650 -0.735299170 0.151673660 0.660552979 -0.815728545
0.647253573 -0.256023854 0.717993379 1.926632881 0.272528976 0.957375824 0.095705137 -0.047770381 -0.711892426 0.133728519 0.689438879 -0.832643926
0.671793461 -0.242198139 0.700023890 1.920003414 0.260569543 0.961902797 0.082743198 -0.035128944 -0.693395257 0.126818538 0.709309578 -0.846647739
0.694354057 -0.231619343 0.681340516 1.909779549 0.255961478 0.964363635 0.066981792 -0.008981310 -0.672574401 0.127887815 0.728895366 -0.853661239
0.717203379 -0.225670367 0.659311891 1.898677945 0.256610841 0.965156972 0.051212788 0.014082367 -0.647896826 0.132456571 0.750123382 -0.862331510
0.737212777 -0.222098440 0.638114095 1.886028290 0.261284173 0.964666605 0.033895120 0.043699905 -0.623095393 0.141741157 0.769195437 -0.869727492
0.751733303 -0.233666763 0.616682053 1.871443152 0.271321952 0.961897373 0.033731714 0.080113620 -0.601066887 0.141962111 0.786489248 -0.877247930
0.766150713 -0.248602420 0.592629492 1.856572628 0.271676779 0.960987926 0.051901862 0.113584131 -0.582412839 0.121238962 0.803801298 -0.889332116
0.781803608 -0.260425210 0.566534996 1.849251151 0.269482851 0.960484207 0.069636613 0.162932307 -0.562282979 0.098229349 0.821090043 -0.903826952
0.798960447 -0.264737725 0.539977908 1.842844367 0.259146303 0.961810291 0.088114351 0.196280614 -0.542683482 0.069533408 0.837054193 -0.924177408
0.814976096 -0.265917242 0.514880657 1.843847752 0.257653475 0.962122738 0.089076146 0.216412559 -0.519065261 0.060065895 0.852621496 -0.947624087
0.832361519 -0.239642650 0.499745607 1.857750654 0.235574901 0.969157696 0.072372861 0.232875466 -0.501675963 0.057487160 0.863143384 -0.983315170
0.839563787 -0.222761899 0.495489389 1.874974489 0.224071339 0.972862482 0.057709593 0.239152938 -0.494898587 0.062574126 0.866694808 -1.005526423
0.846672595 -0.200534061 0.492881030 1.895467043 0.205661029 0.977612555 0.044467159 0.245329440 -0.490763783 0.063717298 0.868959785 -1.027183414
0.858190060 -0.174942926 0.482602239 1.916757584 0.184437484 0.982440770 0.028157104 0.253595829 -0.479054034 0.064845815 0.875386953 -1.046902776
0.874984145 -0.176091209 0.450992942 1.933256507 0.182460919 0.982763648 0.029724654 0.262098521 -0.448453724 0.056279987 0.892032504 -1.061890244
0.894249916 -0.186541423 0.406840801 1.949011683 0.185423508 0.981736124 0.042570639 0.272570044 -0.407351404 0.037369080 0.912506640 -1.076627135
0.916123331 -0.190376490 0.352810264 1.968195558 0.182224631 0.981631339 0.056515604 0.286954463 -0.357088894 0.012515489 0.933986545 -1.091442585
0.935906112 -0.180995971 0.302192479 1.989000916 0.171310857 0.983479381 0.058488883 0.296151161 -0.307786286 -0.002971232 0.951450944 -1.093746305
0.953880072 -0.155055165 0.257042110 2.024308681 0.147652701 0.987874925 0.047976941 0.309200823 -0.261364549 -0.007811265 0.965208590 -1.099079609
0.966752768 -0.131756559 0.219155818 2.058625937 0.126219988 0.991229951 0.039138779 0.318049431 -0.222390562 -0.010175668 0.974904537 -1.097688913
0.976006329 -0.125318125 0.178064942 2.100569010 0.119383350 0.991885781 0.043705307 0.328388989 -0.182097167 -0.021398652 0.983047724 -1.089503765
0.982813835 -0.124450870 0.136341572 2.149736881 0.120053783 0.991959333 0.040044393 0.338745922 -0.140228838 -0.022987852 0.989852309 -1.077149391
0.987941325 -0.114273593 0.104467392 2.198441267 0.113822289 0.993447781 0.010291327 0.337667614 -0.104958951 0.001723507 0.994475067 -1.054727316
0.992329359 -0.100362837 0.072179437 2.251795769 0.103039883 0.994083464 -0.034365192 0.330150485 -0.068303466 0.041538965 0.996799529 -1.036176324
0.996665359 -0.073977306 0.034433633 2.311899662 0.076573923 0.993730426 -0.081463397 0.323483586 -0.028191298 0.083828442 0.996081352 -1.017033935
0.999791682 -0.020301804 0.002125174 2.368646145 0.020412721 0.994223356 -0.105371520 0.329912037 0.000026286 0.105392955 0.994430721 -0.993897259
0.998469591 0.042392172 -0.035517991 2.438034058 -0.045748085 0.993963599 -0.099717319 0.327503949 0.031076342 0.101189613 0.994381726 -0.987230897
0.994363427 0.084676117 -0.063807026 2.486441612 -0.090244107 0.991833091 -0.090128615 0.338996947 0.055654176 0.095378824 0.993884087 -0.971386552
0.990551531 0.108451948 -0.083939761 2.537015915 -0.114487901 0.990900099 -0.070778511 0.340210438 0.075499840 0.079719856 0.993954003 -0.971424341
0.985001326 0.147007897 -0.090338290 2.595017910 -0.152764603 0.986410558 -0.060475066 0.341175497 0.080220327 0.073368520 0.994073391 -0.975520909
0.982005954 0.168224081 -0.085819229 2.615102291 -0.173731580 0.982883334 -0.061300505 0.338480651 0.074038073 0.075106978 0.994423211 -0.982546568
0.982301831 0.167467505 -0.083890721 2.623607635 -0.172811493 0.983060420 -0.061060026 0.333413363 0.072244078 0.074476659 0.994602561 -0.992096663
